OSMOTIC_STRESS_T0_PE:
  I: 1.081287781746689
  II: 0.9232138249890081
  III: 1.0737939588812273
  IV: 0.8431276027195128
  IX: 1.0510425518947233
  V: 1.2570429522471387
  VI: 1.1309946667671857
  VII: 1.0253803288150705
  VIII: 0.9076047841863157
  X: 0.9455546064687892
  XI: 1.0185008609346093
  XII: 1.4540909852967259
  XIII: 0.9259210570505089
  XIV: 0.9045948353474578
  XV: 0.9587009867264076
  XVI: 0.8857546865832511
OSMOTIC_STRESS_T100_SE:
  I: 1.0968203665517664
  II: 0.9639679155830263
  III: 1.103685453778835
  IV: 0.8759565713901087
  IX: 1.0789620532625153
  V: 1.2851862470976132
  VI: 1.1521923263219274
  VII: 1.0548347345309204
  VIII: 0.9285547207409831
  X: 0.9825638007882299
  XI: 1.0630170241467802
  XII: 1.1327848678767756
  XIII: 0.9604637893087415
  XIV: 0.9402911311397508
  XV: 0.9851989128992326
  XVI: 0.9128180490993241
