OSMOTIC_STRESS_T0_PE:
  I: 0.020476249118368168
  II: 0.061753411775242656
  III: 0.027965921431210326
  IV: 0.10624363265900161
  IX: 0.03803051845549298
  V: 0.059648690706760855
  VI: 0.025133504248625774
  VII: 0.09201437479708474
  VIII: 0.04200485877097724
  X: 0.058002977956405403
  XI: 0.055864670913426555
  XII: 0.1289589467438398
  XIII: 0.07040739787064922
  XIV: 0.05836122835104061
  XV: 0.08605846198627454
  XVI: 0.06907515421559957
OSMOTIC_STRESS_T100_SE:
  I: 0.02077038827474259
  II: 0.06447943696015355
  III: 0.028744416403037952
  IV: 0.11038045474472447
  IX: 0.03904074692828114
  V: 0.06098413488311473
  VI: 0.025604568774511546
  VII: 0.09465751963885828
  VIII: 0.042974442825151955
  X: 0.06027322598608988
  XI: 0.058306378037654476
  XII: 0.10046327563122785
  XIII: 0.07303404068768587
  XIV: 0.06066422587945355
  XV: 0.08843706678989087
  XVI: 0.07118567755542127
