OSMOTIC_STRESS_T0_PE_REP1:
  x: 2.77365156496929
  y: -0.869450644812027
OSMOTIC_STRESS_T0_PE_REP2:
  x: -3.11171240627411
  y: -1.23825209452855
OSMOTIC_STRESS_T100_SE_REP1:
  x: 3.16051249242119
  y: 0.753365339585051
OSMOTIC_STRESS_T100_SE_REP2:
  x: -2.82245165111637
  y: 1.35433739975552
